                         1                         0                         0                         0
                         2                  2.499975                         0                         0
                         3                   4.99995                         0                         0
                         4                  7.499925                         0                         0
                         5                    9.9999                         0                         0
                         6                   12.5001                         0                         0
                         7                 15.000075                         0                         0
                         8                  17.50005                         0                         0
                         9                 20.000025                         0                         0
                        10                      22.5                         0                         0
                        11                 24.999975                         0                         0
                        12                  27.49995                         0                         0
                        13                 29.999925                         0                         0
                        14                   32.4999                         0                         0
                        15                   35.0001                         0                         0
                        16                 37.500075                         0                         0
                        17                  40.00005                         0                         0
                        18                 42.500025                         0                         0
                        19                        45                         0                         0
                        20                 47.499975                         0                         0
                        21                  49.99995                         0                         0
                        22                 52.499925                         0                         0
                        23                   54.9999                         0                         0
                        24                   57.5001                         0                         0
                        25                 60.000075                         0                         0
                        26                  62.50005                         0                         0
                        27                 65.000025                         0                         0
                        28                      67.5                         0                         0
                        29                 69.999975                         0                         0
                        30                  72.49995                         0                         0
                        31                 74.999925                         0                         0
                        32                   77.4999                         0                         0
                        33                   80.0001                         0                         0
                        34                 82.500075                         0                         0
                        35                  85.00005                         0                         0
                        36                 87.500025                         0                         0
                        37                        90                         0                         0