   1    1    3    9    8    0    0    0    0 
   2    3    2    5    9    0    0    0    0 
   3    8    9    7    6    0    0    0    0 
   4    9    5    4    7    0    0    0    0 
   5   10   12   18   17    0    0    0    0 
   6   12   11   14   18    0    0    0    0 
   7   17   18   16   15    0    0    0    0 
   8   18   14   13   16    0    0    0    0 
   9   19   21   27   26    0    0    0    0 
  10   21   20   23   27    0    0    0    0 
  11   26   27   25   24    0    0    0    0 
  12   27   23   22   25    0    0    0    0 
  13   28   30   36   35    0    0    0    0 
  14   30   29   32   36    0    0    0    0 
  15   35   36   34   33    0    0    0    0 
  16   36   32   31   34    0    0    0    0 
  17   37   39   45   44    0    0    0    0 
  18   39   38   41   45    0    0    0    0 
  19   44   45   43   42    0    0    0    0 
  20   45   41   40   43    0    0    0    0 
  21   46   48   54   53    0    0    0    0 
  22   48   47   50   54    0    0    0    0 
  23   53   54   52   51    0    0    0    0 
  24   54   50   49   52    0    0    0    0 
  25   55   57   63   62    0    0    0    0 
  26   57   56   59   63    0    0    0    0 
  27   62   63   61   60    0    0    0    0 
  28   63   59   58   61    0    0    0    0 
  29   64   66   72   71    0    0    0    0 
  30   66   65   68   72    0    0    0    0 
  31   71   72   70   69    0    0    0    0 
  32   72   68   67   70    0    0    0    0 
  33    4   82   91    7    0    0    0    0 
  34   82   83   92   91    0    0    0    0 
  35   83   84   93   92    0    0    0    0 
  36   84   85   94   93    0    0    0    0 
  37   85   86   95   94    0    0    0    0 
  38   86   87   96   95    0    0    0    0 
  39   87   88   97   96    0    0    0    0 
  40   88   89   98   97    0    0    0    0 
  41   89   90   99   98    0    0    0    0 
  42   90   11   12   99    0    0    0    0 
  43    7   91   73    6    0    0    0    0 
  44   91   92   74   73    0    0    0    0 
  45   92   93   75   74    0    0    0    0 
  46   93   94   76   75    0    0    0    0 
  47   94   95   77   76    0    0    0    0 
  48   95   96   78   77    0    0    0    0 
  49   96   97   79   78    0    0    0    0 
  50   97   98   80   79    0    0    0    0 
  51   98   99   81   80    0    0    0    0 
  52   99   12   10   81    0    0    0    0 
  53   22  109  118   25    0    0    0    0 
  54  109  110  119  118    0    0    0    0 
  55  110  111  120  119    0    0    0    0 
  56  111  112  121  120    0    0    0    0 
  57  112  113  122  121    0    0    0    0 
  58  113  114  123  122    0    0    0    0 
  59  114  115  124  123    0    0    0    0 
  60  115  116  125  124    0    0    0    0 
  61  116  117  126  125    0    0    0    0 
  62  117   29   30  126    0    0    0    0 
  63   25  118  100   24    0    0    0    0 
  64  118  119  101  100    0    0    0    0 
  65  119  120  102  101    0    0    0    0 
  66  120  121  103  102    0    0    0    0 
  67  121  122  104  103    0    0    0    0 
  68  122  123  105  104    0    0    0    0 
  69  123  124  106  105    0    0    0    0 
  70  124  125  107  106    0    0    0    0 
  71  125  126  108  107    0    0    0    0 
  72  126   30   28  108    0    0    0    0 
  73   40  136  145   43    0    0    0    0 
  74  136  137  146  145    0    0    0    0 
  75  137  138  147  146    0    0    0    0 
  76  138  139  148  147    0    0    0    0 
  77  139  140  149  148    0    0    0    0 
  78  140  141  150  149    0    0    0    0 
  79  141  142  151  150    0    0    0    0 
  80  142  143  152  151    0    0    0    0 
  81  143  144  153  152    0    0    0    0 
  82  144   47   48  153    0    0    0    0 
  83   43  145  127   42    0    0    0    0 
  84  145  146  128  127    0    0    0    0 
  85  146  147  129  128    0    0    0    0 
  86  147  148  130  129    0    0    0    0 
  87  148  149  131  130    0    0    0    0 
  88  149  150  132  131    0    0    0    0 
  89  150  151  133  132    0    0    0    0 
  90  151  152  134  133    0    0    0    0 
  91  152  153  135  134    0    0    0    0 
  92  153   48   46  135    0    0    0    0 
  93   58  163  172   61    0    0    0    0 
  94  163  164  173  172    0    0    0    0 
  95  164  165  174  173    0    0    0    0 
  96  165  166  175  174    0    0    0    0 
  97  166  167  176  175    0    0    0    0 
  98  167  168  177  176    0    0    0    0 
  99  168  169  178  177    0    0    0    0 
 100  169  170  179  178    0    0    0    0 
 101  170  171  180  179    0    0    0    0 
 102  171   65   66  180    0    0    0    0 
 103   61  172  154   60    0    0    0    0 
 104  172  173  155  154    0    0    0    0 
 105  173  174  156  155    0    0    0    0 
 106  174  175  157  156    0    0    0    0 
 107  175  176  158  157    0    0    0    0 
 108  176  177  159  158    0    0    0    0 
 109  177  178  160  159    0    0    0    0 
 110  178  179  161  160    0    0    0    0 
 111  179  180  162  161    0    0    0    0 
 112  180   66   64  162    0    0    0    0 
 113   11  190  199   14    0    0    0    0 
 114  190  191  200  199    0    0    0    0 
 115  191  192  201  200    0    0    0    0 
 116  192  193  202  201    0    0    0    0 
 117  193  194  203  202    0    0    0    0 
 118  194  195  204  203    0    0    0    0 
 119  195  196  205  204    0    0    0    0 
 120  196  197  206  205    0    0    0    0 
 121  197  198  207  206    0    0    0    0 
 122  198   28   35  207    0    0    0    0 
 123   14  199  181   13    0    0    0    0 
 124  199  200  182  181    0    0    0    0 
 125  200  201  183  182    0    0    0    0 
 126  201  202  184  183    0    0    0    0 
 127  202  203  185  184    0    0    0    0 
 128  203  204  186  185    0    0    0    0 
 129  204  205  187  186    0    0    0    0 
 130  205  206  188  187    0    0    0    0 
 131  206  207  189  188    0    0    0    0 
 132  207   35   33  189    0    0    0    0 
 133    2  217  226    5    0    0    0    0 
 134  217  218  227  226    0    0    0    0 
 135  218  219  228  227    0    0    0    0 
 136  219  220  229  228    0    0    0    0 
 137  220  221  230  229    0    0    0    0 
 138  221  222  231  230    0    0    0    0 
 139  222  223  232  231    0    0    0    0 
 140  223  224  233  232    0    0    0    0 
 141  224  225  234  233    0    0    0    0 
 142  225   19   26  234    0    0    0    0 
 143    5  226  208    4    0    0    0    0 
 144  226  227  209  208    0    0    0    0 
 145  227  228  210  209    0    0    0    0 
 146  228  229  211  210    0    0    0    0 
 147  229  230  212  211    0    0    0    0 
 148  230  231  213  212    0    0    0    0 
 149  231  232  214  213    0    0    0    0 
 150  232  233  215  214    0    0    0    0 
 151  233  234  216  215    0    0    0    0 
 152  234   26   24  216    0    0    0    0 
 153   29  244  253   32    0    0    0    0 
 154  244  245  254  253    0    0    0    0 
 155  245  246  255  254    0    0    0    0 
 156  246  247  256  255    0    0    0    0 
 157  247  248  257  256    0    0    0    0 
 158  248  249  258  257    0    0    0    0 
 159  249  250  259  258    0    0    0    0 
 160  250  251  260  259    0    0    0    0 
 161  251  252  261  260    0    0    0    0 
 162  252   46   53  261    0    0    0    0 
 163   32  253  235   31    0    0    0    0 
 164  253  254  236  235    0    0    0    0 
 165  254  255  237  236    0    0    0    0 
 166  255  256  238  237    0    0    0    0 
 167  256  257  239  238    0    0    0    0 
 168  257  258  240  239    0    0    0    0 
 169  258  259  241  240    0    0    0    0 
 170  259  260  242  241    0    0    0    0 
 171  260  261  243  242    0    0    0    0 
 172  261   53   51  243    0    0    0    0 
 173   20  271  280   23    0    0    0    0 
 174  271  272  281  280    0    0    0    0 
 175  272  273  282  281    0    0    0    0 
 176  273  274  283  282    0    0    0    0 
 177  274  275  284  283    0    0    0    0 
 178  275  276  285  284    0    0    0    0 
 179  276  277  286  285    0    0    0    0 
 180  277  278  287  286    0    0    0    0 
 181  278  279  288  287    0    0    0    0 
 182  279   37   44  288    0    0    0    0 
 183   23  280  262   22    0    0    0    0 
 184  280  281  263  262    0    0    0    0 
 185  281  282  264  263    0    0    0    0 
 186  282  283  265  264    0    0    0    0 
 187  283  284  266  265    0    0    0    0 
 188  284  285  267  266    0    0    0    0 
 189  285  286  268  267    0    0    0    0 
 190  286  287  269  268    0    0    0    0 
 191  287  288  270  269    0    0    0    0 
 192  288   44   42  270    0    0    0    0 
 193   47  298  307   50    0    0    0    0 
 194  298  299  308  307    0    0    0    0 
 195  299  300  309  308    0    0    0    0 
 196  300  301  310  309    0    0    0    0 
 197  301  302  311  310    0    0    0    0 
 198  302  303  312  311    0    0    0    0 
 199  303  304  313  312    0    0    0    0 
 200  304  305  314  313    0    0    0    0 
 201  305  306  315  314    0    0    0    0 
 202  306   64   71  315    0    0    0    0 
 203   50  307  289   49    0    0    0    0 
 204  307  308  290  289    0    0    0    0 
 205  308  309  291  290    0    0    0    0 
 206  309  310  292  291    0    0    0    0 
 207  310  311  293  292    0    0    0    0 
 208  311  312  294  293    0    0    0    0 
 209  312  313  295  294    0    0    0    0 
 210  313  314  296  295    0    0    0    0 
 211  314  315  297  296    0    0    0    0 
 212  315   71   69  297    0    0    0    0 
 213   38  325  334   41    0    0    0    0 
 214  325  326  335  334    0    0    0    0 
 215  326  327  336  335    0    0    0    0 
 216  327  328  337  336    0    0    0    0 
 217  328  329  338  337    0    0    0    0 
 218  329  330  339  338    0    0    0    0 
 219  330  331  340  339    0    0    0    0 
 220  331  332  341  340    0    0    0    0 
 221  332  333  342  341    0    0    0    0 
 222  333   55   62  342    0    0    0    0 
 223   41  334  316   40    0    0    0    0 
 224  334  335  317  316    0    0    0    0 
 225  335  336  318  317    0    0    0    0 
 226  336  337  319  318    0    0    0    0 
 227  337  338  320  319    0    0    0    0 
 228  338  339  321  320    0    0    0    0 
 229  339  340  322  321    0    0    0    0 
 230  340  341  323  322    0    0    0    0 
 231  341  342  324  323    0    0    0    0 
 232  342   62   60  324    0    0    0    0 
