1	3	-45	0
2	3	-45	0
3	3	-45	0
4	3	-45	0
5	3	-45	0
6	3	-45	0
7	3	-45	0
8	3	-45	0
9	3	-45	0
10	3	-45	0
11	3	-45	0
12	3	-45	0
13	3	-45	0
14	3	-45	0
15	3	-45	0
16	3	-45	0
17	3	-45	0
18	3	-45	0
19	3	-45	0
20	3	-45	0
21	3	-45	0
22	3	-45	0
23	3	-45	0
24	3	-45	0
25	3	-45	0
26	3	-45	0
27	3	-45	0
28	3	-45	0
29	3	-45	0
30	3	-45	0
31	3	-45	0
32	3	-45	0
33	1	0	0
34	1	0	0
35	1	0	0
36	1	0	0
37	1	0	0
38	1	0	0
39	1	0	0
40	1	0	0
41	1	0	0
42	1	0	0
43	1	0	0
44	1	0	0
45	1	0	0
46	1	0	0
47	1	0	0
48	1	0	0
49	1	0	0
50	1	0	0
51	1	0	0
52	1	0	0
53	1	0	0
54	1	0	0
55	1	0	0
56	1	0	0
57	1	0	0
58	1	0	0
59	1	0	0
60	1	0	0
61	1	0	0
62	1	0	0
63	1	0	0
64	1	0	0
65	1	0	0
66	1	0	0
67	1	0	0
68	1	0	0
69	1	0	0
70	1	0	0
71	1	0	0
72	1	0	0
73	1	0	0
74	1	0	0
75	1	0	0
76	1	0	0
77	1	0	0
78	1	0	0
79	1	0	0
80	1	0	0
81	1	0	0
82	1	0	0
83	1	0	0
84	1	0	0
85	1	0	0
86	1	0	0
87	1	0	0
88	1	0	0
89	1	0	0
90	1	0	0
91	1	0	0
92	1	0	0
93	1	0	0
94	1	0	0
95	1	0	0
96	1	0	0
97	1	0	0
98	1	0	0
99	1	0	0
100	1	0	0
101	1	0	0
102	1	0	0
103	1	0	0
104	1	0	0
105	1	0	0
106	1	0	0
107	1	0	0
108	1	0	0
109	1	0	0
110	1	0	0
111	1	0	0
112	1	0	0
113	3	-45	0
114	3	-45	0
115	3	-45	0
116	3	-45	0
117	3	-45	0
118	3	-45	0
119	3	-45	0
120	3	-45	0
121	3	-45	0
122	3	-45	0
123	3	-45	0
124	3	-45	0
125	3	-45	0
126	3	-45	0
127	3	-45	0
128	3	-45	0
129	3	-45	0
130	3	-45	0
131	3	-45	0
132	3	-45	0
133	3	-45	0
134	3	-45	0
135	3	-45	0
136	3	-45	0
137	3	-45	0
138	3	-45	0
139	3	-45	0
140	3	-45	0
141	3	-45	0
142	3	-45	0
143	3	-45	0
144	3	-45	0
145	3	-45	0
146	3	-45	0
147	3	-45	0
148	3	-45	0
149	3	-45	0
150	3	-45	0
151	3	-45	0
152	3	-45	0
153	3	-45	0
154	3	-45	0
155	3	-45	0
156	3	-45	0
157	3	-45	0
158	3	-45	0
159	3	-45	0
160	3	-45	0
161	3	-45	0
162	3	-45	0
163	3	-45	0
164	3	-45	0
165	3	-45	0
166	3	-45	0
167	3	-45	0
168	3	-45	0
169	3	-45	0
170	3	-45	0
171	3	-45	0
172	3	-45	0
173	3	-45	0
174	3	-45	0
175	3	-45	0
176	3	-45	0
177	3	-45	0
178	3	-45	0
179	3	-45	0
180	3	-45	0
181	3	-45	0
182	3	-45	0
183	3	-45	0
184	3	-45	0
185	3	-45	0
186	3	-45	0
187	3	-45	0
188	3	-45	0
189	3	-45	0
190	3	-45	0
191	3	-45	0
192	3	-45	0
193	3	-45	0
194	3	-45	0
195	3	-45	0
196	3	-45	0
197	3	-45	0
198	3	-45	0
199	3	-45	0
200	3	-45	0
201	3	-45	0
202	3	-45	0
203	3	-45	0
204	3	-45	0
205	3	-45	0
206	3	-45	0
207	3	-45	0
208	3	-45	0
209	3	-45	0
210	3	-45	0
211	3	-45	0
212	3	-45	0
213	3	-45	0
214	3	-45	0
215	3	-45	0
216	3	-45	0
217	3	-45	0
218	3	-45	0
219	3	-45	0
220	3	-45	0
221	3	-45	0
222	3	-45	0
223	3	-45	0
224	3	-45	0
225	3	-45	0
226	3	-45	0
227	3	-45	0
228	3	-45	0
229	3	-45	0
230	3	-45	0
231	3	-45	0
232	3	-45	0
