   1  -0.500000 -0.125000
   2  -0.490000 -0.125000
   3  -0.495000 -0.125000
   4  -0.490000 -0.115000
   5  -0.490000 -0.120000
   6  -0.500000 -0.115000
   7  -0.495000 -0.115000
   8  -0.500000 -0.120000
   9  -0.495000 -0.120000
  10  -0.500000  0.115000
  11  -0.490000  0.115000
  12  -0.495000  0.115000
  13  -0.490000  0.125000
  14  -0.490000  0.120000
  15  -0.500000  0.125000
  16  -0.495000  0.125000
  17  -0.500000  0.120000
  18  -0.495000  0.120000
  19  -0.255000 -0.125000
  20  -0.245000 -0.125000
  21  -0.250000 -0.125000
  22  -0.245000 -0.115000
  23  -0.245000 -0.120000
  24  -0.255000 -0.115000
  25  -0.250000 -0.115000
  26  -0.255000 -0.120000
  27  -0.250000 -0.120000
  28  -0.255000  0.115000
  29  -0.245000  0.115000
  30  -0.250000  0.115000
  31  -0.245000  0.125000
  32  -0.245000  0.120000
  33  -0.255000  0.125000
  34  -0.250000  0.125000
  35  -0.255000  0.120000
  36  -0.250000  0.120000
  37  -0.005000 -0.125000
  38   0.005000 -0.125000
  39   0.000000 -0.125000
  40   0.005000 -0.115000
  41   0.005000 -0.120000
  42  -0.005000 -0.115000
  43   0.000000 -0.115000
  44  -0.005000 -0.120000
  45   0.000000 -0.120000
  46  -0.005000  0.115000
  47   0.005000  0.115000
  48   0.000000  0.115000
  49   0.005000  0.125000
  50   0.005000  0.120000
  51  -0.005000  0.125000
  52   0.000000  0.125000
  53  -0.005000  0.120000
  54   0.000000  0.120000
  55   0.490000 -0.125000
  56   0.500000 -0.125000
  57   0.495000 -0.125000
  58   0.500000 -0.115000
  59   0.500000 -0.120000
  60   0.490000 -0.115000
  61   0.495000 -0.115000
  62   0.490000 -0.120000
  63   0.495000 -0.120000
  64   0.490000  0.115000
  65   0.500000  0.115000
  66   0.495000  0.115000
  67   0.500000  0.125000
  68   0.500000  0.120000
  69   0.490000  0.125000
  70   0.495000  0.125000
  71   0.490000  0.120000
  72   0.495000  0.120000
  73  -0.500000 -0.092000
  74  -0.500000 -0.069000
  75  -0.500000 -0.046000
  76  -0.500000 -0.023000
  77  -0.500000  0.000000
  78  -0.500000  0.023000
  79  -0.500000  0.046000
  80  -0.500000  0.069000
  81  -0.500000  0.092000
  82  -0.490000 -0.092000
  83  -0.490000 -0.069000
  84  -0.490000 -0.046000
  85  -0.490000 -0.023000
  86  -0.490000  0.000000
  87  -0.490000  0.023000
  88  -0.490000  0.046000
  89  -0.490000  0.069000
  90  -0.490000  0.092000
  91  -0.495000 -0.092000
  92  -0.495000 -0.069000
  93  -0.495000 -0.046000
  94  -0.495000 -0.023000
  95  -0.495000  0.000000
  96  -0.495000  0.023000
  97  -0.495000  0.046000
  98  -0.495000  0.069000
  99  -0.495000  0.092000
 100  -0.255000 -0.092000
 101  -0.255000 -0.069000
 102  -0.255000 -0.046000
 103  -0.255000 -0.023000
 104  -0.255000  0.000000
 105  -0.255000  0.023000
 106  -0.255000  0.046000
 107  -0.255000  0.069000
 108  -0.255000  0.092000
 109  -0.245000 -0.092000
 110  -0.245000 -0.069000
 111  -0.245000 -0.046000
 112  -0.245000 -0.023000
 113  -0.245000  0.000000
 114  -0.245000  0.023000
 115  -0.245000  0.046000
 116  -0.245000  0.069000
 117  -0.245000  0.092000
 118  -0.250000 -0.092000
 119  -0.250000 -0.069000
 120  -0.250000 -0.046000
 121  -0.250000 -0.023000
 122  -0.250000  0.000000
 123  -0.250000  0.023000
 124  -0.250000  0.046000
 125  -0.250000  0.069000
 126  -0.250000  0.092000
 127  -0.005000 -0.092000
 128  -0.005000 -0.069000
 129  -0.005000 -0.046000
 130  -0.005000 -0.023000
 131  -0.005000  0.000000
 132  -0.005000  0.023000
 133  -0.005000  0.046000
 134  -0.005000  0.069000
 135  -0.005000  0.092000
 136   0.005000 -0.092000
 137   0.005000 -0.069000
 138   0.005000 -0.046000
 139   0.005000 -0.023000
 140   0.005000  0.000000
 141   0.005000  0.023000
 142   0.005000  0.046000
 143   0.005000  0.069000
 144   0.005000  0.092000
 145   0.000000 -0.092000
 146   0.000000 -0.069000
 147   0.000000 -0.046000
 148   0.000000 -0.023000
 149   0.000000  0.000000
 150   0.000000  0.023000
 151   0.000000  0.046000
 152   0.000000  0.069000
 153   0.000000  0.092000
 154   0.490000 -0.092000
 155   0.490000 -0.069000
 156   0.490000 -0.046000
 157   0.490000 -0.023000
 158   0.490000  0.000000
 159   0.490000  0.023000
 160   0.490000  0.046000
 161   0.490000  0.069000
 162   0.490000  0.092000
 163   0.500000 -0.092000
 164   0.500000 -0.069000
 165   0.500000 -0.046000
 166   0.500000 -0.023000
 167   0.500000  0.000000
 168   0.500000  0.023000
 169   0.500000  0.046000
 170   0.500000  0.069000
 171   0.500000  0.092000
 172   0.495000 -0.092000
 173   0.495000 -0.069000
 174   0.495000 -0.046000
 175   0.495000 -0.023000
 176   0.495000  0.000000
 177   0.495000  0.023000
 178   0.495000  0.046000
 179   0.495000  0.069000
 180   0.495000  0.092000
 181  -0.466500  0.125000
 182  -0.443000  0.125000
 183  -0.419500  0.125000
 184  -0.396000  0.125000
 185  -0.372500  0.125000
 186  -0.349000  0.125000
 187  -0.325500  0.125000
 188  -0.302000  0.125000
 189  -0.278500  0.125000
 190  -0.466500  0.115000
 191  -0.443000  0.115000
 192  -0.419500  0.115000
 193  -0.396000  0.115000
 194  -0.372500  0.115000
 195  -0.349000  0.115000
 196  -0.325500  0.115000
 197  -0.302000  0.115000
 198  -0.278500  0.115000
 199  -0.466500  0.120000
 200  -0.443000  0.120000
 201  -0.419500  0.120000
 202  -0.396000  0.120000
 203  -0.372500  0.120000
 204  -0.349000  0.120000
 205  -0.325500  0.120000
 206  -0.302000  0.120000
 207  -0.278500  0.120000
 208  -0.466500 -0.115000
 209  -0.443000 -0.115000
 210  -0.419500 -0.115000
 211  -0.396000 -0.115000
 212  -0.372500 -0.115000
 213  -0.349000 -0.115000
 214  -0.325500 -0.115000
 215  -0.302000 -0.115000
 216  -0.278500 -0.115000
 217  -0.466500 -0.125000
 218  -0.443000 -0.125000
 219  -0.419500 -0.125000
 220  -0.396000 -0.125000
 221  -0.372500 -0.125000
 222  -0.349000 -0.125000
 223  -0.325500 -0.125000
 224  -0.302000 -0.125000
 225  -0.278500 -0.125000
 226  -0.466500 -0.120000
 227  -0.443000 -0.120000
 228  -0.419500 -0.120000
 229  -0.396000 -0.120000
 230  -0.372500 -0.120000
 231  -0.349000 -0.120000
 232  -0.325500 -0.120000
 233  -0.302000 -0.120000
 234  -0.278500 -0.120000
 235  -0.221000  0.125000
 236  -0.197000  0.125000
 237  -0.173000  0.125000
 238  -0.149000  0.125000
 239  -0.125000  0.125000
 240  -0.101000  0.125000
 241  -0.077000  0.125000
 242  -0.053000  0.125000
 243  -0.029000  0.125000
 244  -0.221000  0.115000
 245  -0.197000  0.115000
 246  -0.173000  0.115000
 247  -0.149000  0.115000
 248  -0.125000  0.115000
 249  -0.101000  0.115000
 250  -0.077000  0.115000
 251  -0.053000  0.115000
 252  -0.029000  0.115000
 253  -0.221000  0.120000
 254  -0.197000  0.120000
 255  -0.173000  0.120000
 256  -0.149000  0.120000
 257  -0.125000  0.120000
 258  -0.101000  0.120000
 259  -0.077000  0.120000
 260  -0.053000  0.120000
 261  -0.029000  0.120000
 262  -0.221000 -0.115000
 263  -0.197000 -0.115000
 264  -0.173000 -0.115000
 265  -0.149000 -0.115000
 266  -0.125000 -0.115000
 267  -0.101000 -0.115000
 268  -0.077000 -0.115000
 269  -0.053000 -0.115000
 270  -0.029000 -0.115000
 271  -0.221000 -0.125000
 272  -0.197000 -0.125000
 273  -0.173000 -0.125000
 274  -0.149000 -0.125000
 275  -0.125000 -0.125000
 276  -0.101000 -0.125000
 277  -0.077000 -0.125000
 278  -0.053000 -0.125000
 279  -0.029000 -0.125000
 280  -0.221000 -0.120000
 281  -0.197000 -0.120000
 282  -0.173000 -0.120000
 283  -0.149000 -0.120000
 284  -0.125000 -0.120000
 285  -0.101000 -0.120000
 286  -0.077000 -0.120000
 287  -0.053000 -0.120000
 288  -0.029000 -0.120000
 289   0.053500  0.125000
 290   0.102000  0.125000
 291   0.150500  0.125000
 292   0.199000  0.125000
 293   0.247500  0.125000
 294   0.296000  0.125000
 295   0.344500  0.125000
 296   0.393000  0.125000
 297   0.441500  0.125000
 298   0.053500  0.115000
 299   0.102000  0.115000
 300   0.150500  0.115000
 301   0.199000  0.115000
 302   0.247500  0.115000
 303   0.296000  0.115000
 304   0.344500  0.115000
 305   0.393000  0.115000
 306   0.441500  0.115000
 307   0.053500  0.120000
 308   0.102000  0.120000
 309   0.150500  0.120000
 310   0.199000  0.120000
 311   0.247500  0.120000
 312   0.296000  0.120000
 313   0.344500  0.120000
 314   0.393000  0.120000
 315   0.441500  0.120000
 316   0.053500 -0.115000
 317   0.102000 -0.115000
 318   0.150500 -0.115000
 319   0.199000 -0.115000
 320   0.247500 -0.115000
 321   0.296000 -0.115000
 322   0.344500 -0.115000
 323   0.393000 -0.115000
 324   0.441500 -0.115000
 325   0.053500 -0.125000
 326   0.102000 -0.125000
 327   0.150500 -0.125000
 328   0.199000 -0.125000
 329   0.247500 -0.125000
 330   0.296000 -0.125000
 331   0.344500 -0.125000
 332   0.393000 -0.125000
 333   0.441500 -0.125000
 334   0.053500 -0.120000
 335   0.102000 -0.120000
 336   0.150500 -0.120000
 337   0.199000 -0.120000
 338   0.247500 -0.120000
 339   0.296000 -0.120000
 340   0.344500 -0.120000
 341   0.393000 -0.120000
 342   0.441500 -0.120000
